0615,3500|0554,1000|0793,9612|0554,1000|55-5 0833 1 BESTDAY ARGENTINA
0077,9500|0554,1000|0153,7912|0554,1000|FCAGBILLDET
0285,4999|0554,1000|0418,0905|0554,1000|AGENT BILLING DETAILS
0725,1000|0510,6000|0812,8845|0510,6000|INTERNATIONAL
0029,2000|0508,9000|0066,8358|0508,9000|SCOPE
0023,9500|0475,7000|0032,8685|0475,7000|CIA
0044,9500|0475,7000|0059,8070|0475,7000|TRNC
0196,3500|0475,7000|0210,0246|0475,7000|STAT
0217,0000|0475,7000|0227,9996|0475,7000|FOP
0386,4500|0475,7000|0395,9623|0475,7000|IMP
0493,0000|0475,7000|0503,9996|0475,7000|PEN
0569,9500|0475,7000|0574,7062|0475,7000|%
0617,9000|0475,7000|0636,0365|0475,7000|VALOR
0645,0500|0487,7000|0698,8443|0487,7000|---COMISION SUPP---
0269,9001|0487,7000|0288,0366|0487,7000|VALOR
0796,1001|0487,7000|0816,0181|0487,7000|NETO A
0797,3001|0475,7000|0816,0305|0475,7000|PAGAR
0113,9501|0487,7000|0140,9997|0487,7000|FECHA DE
0543,4501|0475,7000|0558,0182|0475,7000|COBL
0574,9501|0487,7000|0624,8763|0487,7000|---COMISION STD---
0641,9501|0475,7000|0646,7063|0475,7000|%
0689,9001|0475,7000|0708,0366|0475,7000|VALOR
0728,4001|0475,7000|0761,9928|0475,7000|S/ COMISION
0556,4501|0487,7000|0557,9374|0487,7000| 
0170,3001|0487,7000|0191,9997|0487,7000|CODIGO
0184,2501|0475,7000|0191,9755|0475,7000|NR
0074,0001|0487,7000|0093,9182|0487,7000|NO.  DE
0066,4501|0475,7000|0101,5194|0475,7000|DOCUMENTO
0149,9501|0475,7000|0161,2440|0475,7000|CPN
0323,9001|0487,7000|0342,0367|0487,7000|VALOR
0113,9501|0475,7000|0136,5432|0475,7000|EMISION
0408,1501|0487,7000|0467,9096|0487,7000|IMP, TASAS & CARGOS
0439,3001|0475,7000|0450,0002|0475,7000|T&C
0734,1001|0487,7000|0762,0432|0487,7000|IMPUESTO
0323,0001|0475,7000|0342,0247|0475,7000|TARIFA
0249,1501|0475,7000|0288,0874|0475,7000|TRANSACCION
0485,9500|0450,4000|0664,1313|0450,4000|CUI : 30-66201405-9 (Clave Unica de Identifacion Tributaria) 
0031,4500|0451,4000|0041,8750|0451,4000|139
0053,9500|0451,4000|0089,7250|0451,4000|Aeromexico
0053,9500|0440,8500|0290,1064|0440,8500|PARAGUAY 555CABA  Buenos Aires  Ciudad Autonoma De Buenos Aires  1057
0023,2000|0411,1000|0055,1563|0411,1000|*** ISSUES
0221,9500|0394,9500|0229,3811|0394,9500|CA
0023,2000|0395,3500|0032,1238|0395,3500|139
0041,9500|0395,3500|0055,3250|0395,3500|TKTT
0065,9500|0395,3500|0095,6960|0395,3500|3146574616
0149,9500|0395,3500|0163,0254|0395,3500|FFFF
0262,8000|0395,3500|0288,0841|0395,3500| 96.593,30
0316,8000|0395,3500|0342,0841|0395,3500| 85.509,00
0790,8000|0395,3500|0816,0841|0395,3500| 96.593,30
0696,1000|0395,3500|0707,9984|0395,3500| 0,00
0113,9500|0395,3500|0137,4418|0395,3500|26NOV18
0532,7999|0395,3500|0558,0840|0395,3500| 85.509,00
0203,9499|0395,3500|0205,4372|0395,3500|I
0389,9499|0394,9500|0397,3811|0394,9500|AR
0389,9499|0387,5000|0397,0868|0387,5000|AY
0389,9499|0380,0500|0398,2745|0380,0500|QO
0389,9499|0372,6000|0397,3811|0372,6000|TQ
0389,9499|0365,1500|0397,3811|0365,1500|US
0389,9499|0357,7000|0397,0868|0357,7000|XA
0389,9499|0350,2500|0396,7872|0350,2500|XF
0389,9499|0342,8000|0397,3811|0342,8000|XR
0389,9499|0335,3500|0397,0868|0335,3500|XY
0389,9499|0327,9000|0397,3811|0327,9000|YC
0366,2499|0394,9500|0387,0721|0394,9500|5.985,60
0370,6999|0387,5000|0387,0602|0387,5000|215,60
0370,6999|0380,0500|0387,0602|0380,0500|385,00
0370,6999|0372,6000|0387,0602|0372,6000|385,00
0366,2499|0365,1500|0387,0721|0365,1500|1.409,20
0370,6999|0357,7000|0387,0602|0357,7000|152,50
0370,6999|0350,2501|0387,0602|0350,2501|173,30
0366,2499|0342,8000|0387,0721|0342,8000|1.886,50
0370,6999|0335,3500|0387,0602|0335,3500|269,50
0370,6999|0327,9000|0387,0602|0327,9000|222,10
0571,5999|0395,3500|0582,0110|0395,3500|0,00
0625,5999|0395,3500|0636,0110|0395,3500|0,00
0643,9499|0395,3500|0654,3610|0395,3500|0,00
0041,9499|0320,1000|0058,4493|0320,1000|+TKTT
0065,9499|0320,8500|0095,6959|0320,8500|3146574617
0149,9499|0320,8500|0163,9241|0320,8500|FVVV
0113,9499|0320,8500|0137,4417|0320,8500|26NOV18
0065,9499|0307,3500|0104,5876|0307,3500|TOUR: AMCOM
0221,9499|0295,9500|0229,3810|0295,9500|CA
0023,1999|0296,3500|0032,1237|0296,3500|139
0041,9499|0296,3500|0055,3249|0296,3500|TKTT
0065,9499|0296,3500|0095,6959|0296,3500|3146574622
0149,9499|0296,3500|0163,0253|0296,3500|FFFF
0262,7999|0296,3500|0288,0840|0296,3500| 18.286,50
0316,7999|0296,3500|0342,0840|0296,3500| 13.566,00
0790,7999|0296,3500|0816,0840|0296,3500| 18.286,50
0696,0999|0296,3500|0707,9983|0296,3500| 0,00
0113,9499|0296,3500|0137,4417|0296,3500|27NOV18
0532,7999|0296,3500|0558,0840|0296,3500| 13.566,00
0203,9499|0296,3500|0205,4372|0296,3500|I
0389,9499|0295,9500|0397,3811|0295,9500|AR
0389,9499|0288,5000|0396,4876|0288,5000|CJ
0389,9499|0281,0500|0398,2745|0281,0500|QO
0389,9499|0273,6000|0397,6753|0273,6000|RN
0389,9499|0266,1500|0397,3811|0266,1500|TQ
0389,9499|0258,7000|0397,3811|0258,7000|XR
0370,6999|0295,9500|0387,0602|0295,9500|949,60
0370,6999|0288,5000|0387,0602|0288,5000|475,10
0370,6999|0281,0500|0387,0602|0281,0500|399,00
0370,6999|0273,5999|0387,0602|0273,5999|542,70
0370,6999|0266,1499|0387,0602|0266,1499|399,00
0366,2499|0258,6999|0387,0721|0258,6999|1.955,10
0571,5999|0296,3499|0582,0110|0296,3499|0,00
0625,5999|0296,3499|0636,0110|0296,3499|0,00
0643,9499|0296,3499|0654,3610|0296,3499|0,00
0065,9499|0251,6499|0104,5876|0251,6499|TOUR: AMCOM
0221,9499|0240,2499|0229,3810|0240,2499|CA
0023,1999|0240,6499|0032,1237|0240,6499|139
0041,9499|0240,6499|0055,3249|0240,6499|TKTT
0065,9499|0240,6499|0095,6959|0240,6499|3146574623
0149,9499|0240,6499|0163,0253|0240,6499|FFFF
0262,7999|0240,6499|0288,0840|0240,6499| 18.286,50
0316,7999|0240,6499|0342,0840|0240,6499| 13.566,00
0790,7999|0240,6499|0816,0840|0240,6499| 18.286,50
0696,0999|0240,6499|0707,9983|0240,6499| 0,00
0113,9499|0240,6499|0137,4417|0240,6499|27NOV18
0532,7999|0240,6499|0558,0840|0240,6499| 13.566,00
0203,9499|0240,6499|0205,4372|0240,6499|I
0389,9499|0240,2499|0397,3811|0240,2499|AR
0389,9499|0232,7999|0396,4876|0232,7999|CJ
0389,9499|0225,3499|0398,2745|0225,3499|QO
0389,9499|0217,8999|0397,6753|0217,8999|RN
0389,9499|0210,4499|0397,3811|0210,4499|TQ
0389,9499|0202,9998|0397,3811|0202,9998|XR
0370,6999|0240,2498|0387,0602|0240,2498|949,60
0370,6999|0232,7998|0387,0602|0232,7998|475,10
0370,6999|0225,3498|0387,0602|0225,3498|399,00
0370,6999|0217,8998|0387,0602|0217,8998|542,70
0370,6999|0210,4498|0387,0602|0210,4498|399,00
0366,2499|0202,9998|0387,0721|0202,9998|1.955,10
0571,5999|0240,6498|0582,0110|0240,6498|0,00
0625,5999|0240,6498|0636,0110|0240,6498|0,00
0643,9499|0240,6498|0654,3610|0240,6498|0,00
0065,9499|0195,9498|0104,5876|0195,9498|TOUR: AMCOM
0221,9499|0184,5498|0229,3810|0184,5498|CA
0023,1999|0184,9498|0032,1237|0184,9498|139
0041,9499|0184,9498|0055,3249|0184,9498|TKTT
0065,9499|0184,9498|0095,6959|0184,9498|3146574624
0149,9499|0184,9498|0163,0253|0184,9498|FFFF
0262,7999|0184,9498|0288,0840|0184,9498| 18.286,50
0316,7999|0184,9498|0342,0840|0184,9498| 13.566,00
0790,7999|0184,9498|0816,0840|0184,9498| 18.286,50
0696,0999|0184,9498|0707,9983|0184,9498| 0,00
0113,9499|0184,9498|0137,4417|0184,9498|27NOV18
0532,7999|0184,9498|0558,0840|0184,9498| 13.566,00
0203,9499|0184,9498|0205,4372|0184,9498|I
0389,9499|0184,5498|0397,3811|0184,5498|AR
0389,9499|0177,0998|0396,4876|0177,0998|CJ
0389,9499|0169,6497|0398,2745|0169,6497|QO
0389,9499|0162,1997|0397,6753|0162,1997|RN
0389,9499|0154,7497|0397,3811|0154,7497|TQ
0389,9499|0147,2997|0397,3811|0147,2997|XR
0370,6999|0184,5497|0387,0602|0184,5497|949,60
0370,6999|0177,0997|0387,0602|0177,0997|475,10
0370,6999|0169,6497|0387,0602|0169,6497|399,00
0370,6999|0162,1997|0387,0602|0162,1997|542,70
0370,6999|0154,7497|0387,0602|0154,7497|399,00
0366,2499|0147,2997|0387,0721|0147,2997|1.955,10
0571,5999|0184,9496|0582,0110|0184,9496|0,00
0625,5999|0184,9496|0636,0110|0184,9496|0,00
0643,9499|0184,9496|0654,3610|0184,9496|0,00
0065,9499|0140,2496|0104,5876|0140,2496|TOUR: AMCOM
0221,9499|0128,8496|0229,3810|0128,8496|CA
0023,1999|0129,2496|0032,1237|0129,2496|139
0041,9499|0129,2496|0055,3249|0129,2496|TKTT
0065,9499|0129,2496|0095,6959|0129,2496|3146574625
0149,9499|0129,2496|0163,0253|0129,2496|FFFF
0262,7999|0129,2496|0288,0840|0129,2496| 18.286,50
0316,7999|0129,2496|0342,0840|0129,2496| 13.566,00
0790,7999|0129,2496|0816,0840|0129,2496| 18.286,50
0696,0999|0129,2496|0707,9983|0129,2496| 0,00
0113,9499|0129,2496|0137,4417|0129,2496|27NOV18
0532,7999|0129,2496|0558,0840|0129,2496| 13.566,00
0203,9499|0129,2496|0205,4372|0129,2496|I
0389,9499|0128,8496|0397,3811|0128,8496|AR
0389,9499|0121,3996|0396,4876|0121,3996|CJ
0389,9499|0113,9496|0398,2745|0113,9496|QO
0389,9499|0106,4996|0397,6753|0106,4996|RN
0389,9499|0099,0496|0397,3811|0099,0496|TQ
0389,9499|0091,5996|0397,3811|0091,5996|XR
0370,6999|0128,8496|0387,0602|0128,8496|949,60
0370,6999|0121,3996|0387,0602|0121,3996|475,10
0370,6999|0113,9496|0387,0602|0113,9496|399,00
0370,6999|0106,4995|0387,0602|0106,4995|542,70
0370,6999|0099,0495|0387,0602|0099,0495|399,00
0366,2499|0091,5995|0387,0721|0091,5995|1.955,10
0571,5999|0129,2495|0582,0110|0129,2495|0,00
0625,5999|0129,2495|0636,0110|0129,2495|0,00
0643,9499|0129,2495|0654,3610|0129,2495|0,00
0065,9499|0084,5495|0104,5876|0084,5495|TOUR: AMCOM
0221,9499|0073,1495|0229,3810|0073,1495|CA
0023,1999|0073,5495|0032,1237|0073,5495|139
0041,9499|0073,5495|0055,3249|0073,5495|TKTT
0065,9499|0073,5495|0095,6959|0073,5495|3146574626
0149,9499|0073,5495|0163,0253|0073,5495|FFFF
0262,7999|0073,5495|0288,0840|0073,5495| 35.073,60
0316,7999|0073,5495|0342,0840|0073,5495| 29.309,00
0790,7999|0073,5495|0816,0840|0073,5495| 35.073,60
0696,0999|0073,5495|0707,9983|0073,5495| 0,00
0113,9499|0073,5495|0137,4417|0073,5495|28NOV18
0532,7999|0073,5495|0558,0840|0073,5495| 29.309,00
0203,9499|0073,5495|0205,4372|0073,5495|I
0389,9499|0073,1495|0397,3811|0073,1495|AR
0389,9499|0065,6995|0397,6753|0065,6995|CU
0389,9499|0058,2495|0398,2745|0058,2495|QO
0389,9499|0050,7994|0397,3811|0050,7994|TQ
0389,9499|0043,3494|0397,3811|0043,3494|XR
0366,2499|0073,1494|0387,0721|0073,1494|2.051,60
0370,6999|0065,6994|0387,0602|0065,6994|987,50
0370,6999|0058,2494|0387,0602|0058,2494|395,00
0370,6999|0050,7994|0387,0602|0050,7994|395,00
0366,2499|0043,3494|0387,0721|0043,3494|1.935,50
0571,5999|0073,5494|0582,0110|0073,5494|0,00
0625,5999|0073,5494|0636,0110|0073,5494|0,00
0643,9499|0073,5494|0654,3610|0073,5494|0,00
0087,3999|0023,5494|0130,8055|0023,5494|01:05:50AM
0767,8499|0023,7494|0815,7394|0023,7494|Page : 00002
0029,4499|0023,5494|0078,6595|0023,5494|04-DEC-2018
